world-setup:
  center:
    world: world_nether
    x: 108.40885537905103
    y: 95.81925455218403
    z: -11.735175695359635
    pitch: 27.12968
    yaw: -219.55183
  size: 20
