world-setup:
  center:
    world: world
    x: 2.537123430039151
    y: 63.0
    z: 1.4742892946167803
    pitch: 44.587944
    yaw: -3.1814475
  size: 30
