world-setup:
  center:
    world: world
    x: 13.544039210549037
    y: 71.0
    z: -2.3457266672008092
    pitch: 28.58117
    yaw: 1.2204376
  size: 400
