world-setup:
  center:
    world: world
    x: 11.523742680672598
    y: 71.0
    z: -2.6512254164747038
    pitch: 20.626837
    yaw: 329.075
  size: 400
